1004109301.jpg
1
196.000000 291.000000 472.000000 555.000000
111076519.jpg
2
1036.000000 602.000000 1198.000000 764.000000
1117.000000 743.000000 1267.000000 881.000000
1139324862.jpg
1
218.141952 189.479848 428.230672 413.974651
1204062305.jpg
1
424.000000 264.000000 653.000000 469.000000
1224897301.jpg
1
59.371119 126.953791 331.498195 466.962455
1254885428.jpg
2
350.730731 242.075099 668.940217 563.286561
1176.274209 522.759881 1455.458004 782.430830
1295311477.jpg
2
666.993124 509.997860 889.428097 767.554144
1527.465255 322.684199 1740.144308 560.728643
1361196352.jpg
2
187.387574 225.446746 313.115385 366.322485
685.754438 173.943787 891.766272 398.133136
1372188757.jpg
1
224.201923 259.771154 435.894231 449.801923
14424972.jpg
3
143.000000 771.500000 377.000000 987.500000
932.000000 771.500000 1130.000000 1014.500000
1367.000000 732.500000 1544.000000 1035.500000
156474078.jpg
2
191.824736 323.688746 380.898593 497.756741
802.563306 296.678195 1014.145955 514.263189
1587030290.jpg
2
790.435207 183.262189 1048.101479 507.492249
2205.452485 279.887041 2456.677101 503.197811
1634816.jpg
1
389.912153 486.399604 609.008587 690.489432
1636651575.jpg
1
521.812500 177.375000 781.687500 400.125000
1648807314.jpg
3
635.500000 429.500000 851.500000 663.500000
1275.500000 407.500000 1497.500000 625.500000
1619.500000 263.500000 1727.500000 371.500000
170817766.jpg
2
113.750000 273.750000 326.750000 495.750000
827.750000 251.750000 1070.750000 516.750000
1709378501.jpg
1
407.000000 192.000000 656.000000 474.000000
174692320.jpg
3
401.100000 102.500000 600.900000 296.900000
1219.200000 186.200000 1564.800000 523.700000
1618.800000 656.000000 2123.700000 1166.300000
1814664578.jpg
2
224.837632 358.202227 347.885698 472.246776
816.068581 413.723916 951.121336 526.267878
18489332.jpg
12
115.364865 83.082583 220.469970 188.187688
349.599099 84.584084 438.187688 188.187688
523.773273 81.581081 648.397898 198.698198
777.527027 71.070571 867.617117 165.665165
124.373874 395.394895 221.971471 497.496997
327.076577 389.388889 430.680180 503.503003
526.776276 392.391892 639.388889 506.506006
764.013514 408.908408 878.127628 523.022523
122.872372 704.704204 215.965465 805.304805
342.091592 683.683183 448.698198 800.800300
535.785285 707.707207 628.878378 811.310811
741.490991 706.205706 851.100601 818.818318
199759840.jpg
1
366.000000 139.000000 555.000000 320.000000
2030653815.jpg
1
736.461493 507.723316 940.251189 688.402840
2043831280.jpg
3
434.000000 334.000000 656.000000 529.000000
1712.000000 883.000000 1877.000000 1030.000000
1616.000000 247.000000 1673.000000 307.000000
2118625994.jpg
1
927.500000 931.500000 1119.500000 1111.500000
2120936774.jpg
2
329.018563 313.909581 608.204192 551.667665
822.546707 357.138323 1054.901198 531.854491
213654866.jpg
4
263.000000 381.000000 461.000000 570.000000
605.000000 546.000000 776.000000 711.000000
1415.000000 600.000000 1556.000000 732.000000
2171.000000 717.000000 2363.000000 882.000000
2147052512.jpg
2
351.716825 350.034360 707.053318 716.475118
895.825829 296.531991 1082.579384 501.456161
2186255795.jpg
2
535.896327 331.492299 645.047986 449.739929
715.794431 338.566943 800.690166 419.420024
2233672250.jpg
2
292.369149 383.414313 501.754062 586.044874
577.402805 226.713346 786.787718 438.800000
2239710476.jpg
4
547.000000 891.000000 691.000000 1092.000000
1081.000000 552.000000 1300.000000 765.000000
1108.000000 966.000000 1405.000000 1272.000000
2464.000000 774.000000 2839.000000 1146.000000
225191079.jpg
1
382.399179 67.088511 589.480070 298.178781
2266416332.jpg
1
218.750000 221.750000 523.250000 511.250000
22699817.jpg
2
241.500000 429.500000 411.500000 601.500000
1449.500000 477.500000 1729.500000 841.500000
2288136183.jpg
1
746.532840 474.950592 970.457101 711.144675
2312639559.jpg
1
819.568639 923.515385 1018.953254 1116.765089
2353849.jpg
2
269.500000 565.500000 479.500000 805.500000
967.500000 479.500000 1125.500000 639.500000
2372995574.jpg
1
252.209906 374.615566 391.242925 506.219340
237815567.jpg
7
971.000000 263.000000 1160.000000 440.000000
236.000000 644.000000 446.000000 842.000000
1499.000000 848.000000 1676.000000 995.000000
2321.000000 743.000000 2474.000000 884.000000
2105.000000 1190.000000 2309.000000 1382.000000
1112.000000 1124.000000 1307.000000 1301.000000
632.000000 1187.000000 851.000000 1364.000000
2404040793.jpg
1
139.000000 331.000000 530.000000 713.000000
2417212918.jpg
5
599.000000 706.500000 740.000000 835.500000
1007.000000 1183.500000 1130.000000 1300.500000
1442.000000 847.500000 1547.000000 952.500000
1655.000000 1204.500000 1769.000000 1324.500000
2144.000000 949.500000 2240.000000 1036.500000
2437602091.jpg
1
1.427064 146.267890 272.741284 426.595872
2451065225.jpg
1
189.000000 158.000000 379.000000 343.000000
250277765.jpg
2
282.000000 153.000000 476.000000 351.000000
591.000000 212.000000 745.000000 362.000000
2542662563.jpg
1
183.800000 109.400000 462.200000 405.400000
2580479214.jpg
2
286.428705 475.171670 454.533771 643.276735
883.802064 433.145403 979.862101 545.715760
261068.jpg
2
232.000000 137.000000 338.000000 246.000000
412.000000 175.000000 509.000000 267.000000
2653111362.jpg
1
349.000000 124.000000 459.000000 236.000000
270814102.jpg
2
945.200000 707.400000 1159.600000 925.000000
250.800000 630.600000 497.200000 880.200000
2715171150.jpg
1
348.645306 155.135510 561.623265 368.113469
281972218.jpg
2
644.475000 477.075000 843.375000 674.275000
911.375000 278.175000 1205.475000 551.875000
2844520516.jpg
1
61.000000 107.000000 305.000000 331.000000
2863107962.jpg
3
140.837711 208.003752 268.417448 328.078799
377.985929 159.973734 508.567542 274.045028
598.623827 770.855535 732.207317 901.437148
2911658494.jpg
2
176.000000 146.000000 393.000000 366.000000
389.000000 480.000000 570.000000 615.000000
2939015820.jpg
1
239.000000 166.000000 452.000000 399.000000
3062021448.jpg
2
438.490521 273.357820 727.201422 558.030806
1334.907583 412.665877 1524.689573 590.334123
3089202157.jpg
3
335.500000 850.500000 591.500000 1058.500000
1043.500000 666.500000 1243.500000 850.500000
1783.500000 878.500000 2015.500000 1050.500000
310076750.jpg
1
437.345662 298.072509 653.430070 503.352696
3187108438.jpg
1
482.012500 304.912500 700.412500 497.312500
3210734866.jpg
1
209.330952 162.826190 329.521429 292.030952
3284354538.jpg
3
530.950000 662.550000 766.150000 900.550000
1286.950000 701.750000 1482.950000 883.750000
2174.550000 561.750000 2384.550000 763.350000
3331716292.jpg
1
166.000000 185.000000 392.000000 403.000000
342149506.jpg
2
495.538507 369.296801 688.747038 612.709123
1199.912915 306.922393 1417.462678 535.121445
3464901851.jpg
1
711.500000 508.500000 939.500000 731.700000
346731834.jpg
1
237.909191 520.956985 434.799632 729.052574
347629355.jpg
2
848.800000 503.200000 1129.600000 764.800000
1158.400000 623.200000 1422.400000 817.600000
347826333.jpg
2
338.100000 289.800000 568.500000 496.200000
659.700000 211.800000 957.300000 505.800000
3576294411.jpg
2
782.891784 274.429860 1015.008016 510.548096
1299.150301 398.491984 1491.246493 606.596192
364259537.jpg
2
813.500000 465.500000 955.500000 603.500000
1581.500000 563.500000 1739.500000 729.500000
3662810723.jpg
4
970.500000 983.500000 1250.500000 1339.500000
1562.500000 727.500000 1890.500000 1067.500000
2258.500000 1023.500000 2594.500000 1395.500000
3026.500000 639.500000 3262.500000 847.500000
3684472818.jpg
2
822.975000 224.775000 1078.175000 477.775000
1051.775000 383.175000 1276.175000 589.975000
368987306.jpg
1
734.524619 371.816530 911.593787 569.893904
37096733.jpg
2
400.400000 278.000000 615.200000 503.600000
810.800000 197.600000 1072.400000 446.000000
3729198156.jpg
8
97.000000 1101.000000 505.000000 1545.000000
358.000000 645.000000 676.000000 924.000000
673.000000 546.000000 865.000000 777.000000
1117.000000 552.000000 1291.000000 717.000000
1048.000000 219.000000 1231.000000 387.000000
2146.000000 888.000000 2587.000000 1368.000000
2644.000000 276.000000 2890.000000 486.000000
2518.000000 222.000000 2677.000000 399.000000
3796238727.jpg
3
505.500000 343.500000 762.000000 613.500000
980.250000 471.750000 1187.250000 696.750000
1702.500000 422.250000 2049.000000 766.500000
3854178896.jpg
1
313.283161 151.012992 528.742824 350.262523
3858593140.jpg
2
175.000000 94.000000 300.000000 199.000000
465.000000 241.000000 590.000000 364.000000
3873491482.jpg
1
283.700000 210.900000 486.900000 424.500000
3893740955.jpg
2
550.175000 615.775000 748.175000 818.175000
1551.175000 644.375000 1757.975000 862.175000
3929640120.jpg
1
216.000000 80.000000 357.000000 258.000000
3944399031.jpg
2
405.660529 686.736776 599.589471 890.872505
923.654940 303.982285 1171.169511 582.117216
3989161.jpg
1
169.750000 224.175000 383.950000 438.375000
399829006.jpg
1
215.000000 211.000000 377.000000 371.000000
40014967.jpg
1
186.000000 168.000000 366.000000 367.000000
4017305068.jpg
1
432.000000 157.000000 519.000000 254.000000
4022732812.jpg
4
560.000000 940.000000 773.000000 1162.000000
890.000000 394.000000 1094.000000 616.000000
1247.000000 1177.000000 1544.000000 1363.000000
1901.000000 526.000000 2021.000000 658.000000
406798473.jpg
3
307.369871 383.712192 445.423798 511.262016
514.450762 416.725088 649.503517 545.775498
817.569168 430.230363 967.627784 575.787222
4082680322.jpg
1
314.866508 201.119785 415.557807 321.644219
4141887018.jpg
1
483.588746 150.908792 699.673154 360.990856
4174638819.jpg
1
149.351933 140.774295 438.052456 397.663741
4237203680.jpg
2
619.105244 411.189154 841.541478 660.812038
855.134803 384.002503 1082.514064 621.267819
4250120238.jpg
1
356.234679 189.492399 557.612352 460.133729
4253907822.jpg
1
213.750000 182.750000 442.750000 410.750000
4285163979.jpg
10
535.432958 766.876151 733.568066 943.996929
799.613101 760.872057 988.742068 953.003071
1117.830092 394.622313 1255.924258 547.726714
1442.051177 475.677584 1568.137155 607.767656
1198.885363 643.792221 1291.948823 736.855681
1273.936540 835.923234 1430.042989 992.029683
1586.149437 769.878199 1760.268168 937.992835
2006.436029 454.663255 2162.542477 604.765609
2219.581372 493.689867 2420.718526 682.818833
1901.364381 502.696008 2036.456499 634.786080
432269399.jpg
1
265.790488 105.762188 529.537455 380.921284
4332978153.jpg
1
214.100000 162.900000 592.500000 512.500000
4337161543.jpg
1
277.654605 108.412281 393.323465 254.125000
4351876664.jpg
1
144.750000 383.550000 415.950000 634.350000
435926861.jpg
2
76.000000 145.000000 188.000000 253.000000
588.000000 229.000000 705.000000 336.000000
437595409.jpg
1
325.513779 248.955321 526.250614 444.588677
442651885.jpg
1
477.861489 222.442966 684.492204 452.032649
4470478982.jpg
1
2067.550209 506.649136 2280.718266 761.523987
4471110141.jpg
2
114.600000 262.200000 395.400000 514.200000
426.000000 683.400000 651.000000 885.000000
447910249.jpg
1
420.951981 238.137212 615.445353 470.448739
448291547.jpg
3
417.053676 483.855147 547.149265 669.991912
949.444853 407.799265 1117.568382 583.928676
1643.955147 463.840441 1768.046324 591.934559
4492032921.jpg
1
365.328750 159.746250 571.460893 377.746607
45092961.jpg
2
631.887510 466.901158 751.937138 580.948304
942.015715 510.919355 1060.064516 618.964020
4512714865.jpg
1
319.700000 150.100000 530.900000 366.900000
4520272436.jpg
1
460.575000 167.175000 663.075000 406.575000
4553922208.jpg
3
1239.900000 431.100000 1645.500000 817.500000
1794.300000 515.100000 2135.100000 860.700000
1.500000 709.500000 195.900000 913.500000
4555082379.jpg
1
615.088677 276.985221 819.749464 498.906555
4560029166.jpg
1
245.000000 129.000000 386.000000 293.000000
4584451140.jpg
2
549.724273 151.809257 768.502745 343.578041
1297.892626 573.160388 1503.166254 778.434015
4683040401.jpg
2
355.275000 722.475000 565.875000 930.375000
903.375000 609.075000 1124.775000 803.475000
4739664721.jpg
1
383.100000 213.900000 589.200000 442.500000
4758145781.jpg
3
516.250000 285.750000 795.250000 605.250000
1312.750000 378.000000 1553.500000 623.250000
2287.000000 110.250000 2491.750000 346.500000
47618649.jpg
2
209.500000 239.500000 367.500000 383.500000
597.500000 93.500000 725.500000 229.500000
4774338842.jpg
2
570.572714 519.233910 797.611401 759.027579
1430.258529 473.315973 1631.787251 672.293699
4801259916.jpg
1
335.890707 235.656151 547.057814 472.843849
4821642.jpg
1
281.300657 187.304409 528.204972 407.942308
4856974482.jpg
14
1051.389154 598.297378 1317.076877 870.163886
779.522646 505.615614 943.260429 669.353397
547.818236 706.426103 689.930274 842.359356
10.264005 134.888558 118.392729 258.464243
1122.445173 85.458284 1230.573897 209.033969
1347.970799 474.721692 1499.351013 619.923123
2157.391538 252.285459 2274.788439 375.861144
3587.780095 144.156734 3726.802741 277.000596
3454.936234 289.358164 3547.617998 443.827771
2426.168653 1046.259237 2670.230632 1268.695471
3189.248510 993.739571 3356.075685 1142.030393
1548.781287 1642.511919 1783.575089 1880.395113
1042.120977 1982.345054 1289.272348 2220.228248
2830.879023 1750.640644 3115.103099 2025.596544
4880083461.jpg
1
497.250000 372.500000 740.250000 570.500000
4970182488.jpg
1
578.605189 277.059906 785.944811 467.588208
5002723411.jpg
3
584.100000 358.650000 802.500000 579.150000
966.300000 467.850000 1172.100000 663.150000
1579.500000 606.450000 1791.600000 820.650000
5007442.jpg
2
34.750000 213.750000 321.750000 488.750000
670.750000 139.750000 1020.750000 491.750000
5020454673.jpg
1
128.750000 298.000000 472.250000 626.500000
5065140719.jpg
3
1427.000000 421.000000 1598.000000 577.000000
209.000000 982.000000 416.000000 1168.000000
1580.000000 982.000000 1790.000000 1225.000000
5083671561.jpg
6
382.500000 822.500000 582.500000 1014.500000
342.500000 1658.500000 510.500000 1794.500000
1018.500000 438.500000 1246.500000 694.500000
1622.500000 1702.500000 1818.500000 1854.500000
1826.500000 1470.500000 2086.500000 1702.500000
1834.500000 1142.500000 2018.500000 1342.500000
5144909700.jpg
3
137.013380 468.280986 337.126056 684.619014
450.703521 395.266901 648.111972 625.126056
764.393662 449.351408 978.027465 690.027465
5146483815.jpg
1
257.000000 174.000000 426.000000 371.000000
5151536225.jpg
3
1006.379167 381.270833 1426.004167 735.620833
164.020833 458.979167 418.904167 704.537500
1805.220833 567.770833 1979.287500 769.812500
5188566452.jpg
1
510.800000 328.400000 772.400000 593.600000
5201079592.jpg
1
95.500000 198.700000 316.300000 430.300000
5204730083.jpg
7
307.500000 1020.500000 475.500000 1188.500000
739.500000 1000.500000 911.500000 1152.500000
1139.500000 1168.500000 1283.500000 1312.500000
1431.500000 1552.500000 1627.500000 1732.500000
1739.500000 1132.500000 1891.500000 1280.500000
2007.500000 988.500000 2163.500000 1136.500000
2483.500000 808.500000 2759.500000 1096.500000
5227275045.jpg
3
512.000000 126.000000 607.000000 221.000000
472.000000 188.000000 508.000000 227.000000
323.000000 126.000000 385.000000 192.000000
52381600.jpg
1
264.000000 251.000000 561.000000 584.000000
5301057994.jpg
1
713.534565 1001.619190 884.938617 1191.387962
539722510.jpg
1
371.200000 213.600000 590.400000 441.600000
5452623.jpg
1
592.481243 298.178781 792.059203 506.760258
56054945.jpg
1
696.278429 465.888042 873.347597 684.973623
59354095.jpg
3
300.511257 263.550657 482.124765 449.666979
548.166041 277.059099 753.794559 482.687617
843.850844 295.070356 1091.505629 550.229831
642820626.jpg
1
513.720826 357.323077 756.272420 584.264916
658607626.jpg
1
319.236949 280.070322 637.696067 537.599762
79378097.jpg
6
296.935272 845.903377 558.098499 1075.546904
751.719512 811.381801 1000.875235 1083.051595
1051.907129 403.126642 1185.490619 527.704503
1260.537523 451.156660 1415.134146 575.734522
990.368668 215.509381 1135.959662 355.096623
711.194184 62.413696 843.276735 171.982176
815038.jpg
2
33.750000 426.150000 255.150000 622.350000
629.550000 627.750000 832.950000 829.350000
82161078.jpg
1
241.800000 229.050000 560.400000 513.450000
823016568.jpg
3
413.350000 446.350000 681.550000 707.350000
924.550000 286.150000 1133.350000 493.150000
1066.750000 617.350000 1271.950000 802.750000
878985234.jpg
1
230.400000 201.825000 488.250000 442.125000
88094323.jpg
1
364.800000 119.200000 588.000000 354.400000
899545263.jpg
1
257.000000 153.000000 411.000000 304.000000
90800092.jpg
4
295.250000 452.750000 403.250000 563.750000
581.750000 401.750000 691.250000 517.250000
844.250000 359.750000 950.750000 470.750000
1157.750000 370.250000 1267.250000 490.250000
91328372.jpg
1
73.000000 191.000000 260.000000 357.000000
9545523490.jpg
2
127.000000 146.000000 293.000000 300.000000
363.000000 142.000000 516.000000 286.000000
955659370.jpg
2
80.800000 667.800000 323.800000 876.600000
727.000000 502.200000 1040.200000 847.800000
1051618982.jpg
2
476.738824 228.816471 703.296471 446.063529
1109.858824 334.336471 1252.621176 526.755294
1130084326.jpg
3
467.500000 505.500000 689.500000 727.500000
945.500000 223.500000 1125.500000 419.500000
1589.500000 517.500000 1821.500000 741.500000
120563545.jpg
1
234.915786 251.610634 473.520806 481.211691
134212.jpg
2
156.750000 212.750000 365.750000 400.750000
703.750000 188.750000 926.750000 390.750000
1602308.jpg
1
549.052774 234.967296 774.624439 459.326210
16413031.jpg
1
213.000000 150.000000 386.000000 311.000000
2037185414.jpg
2
308.750000 268.000000 532.250000 479.500000
1369.250000 353.500000 1534.250000 595.000000
2060241469.jpg
1
262.379261 528.208830 476.725873 746.157906
2080551997.jpg
2
289.000000 150.000000 363.000000 243.000000
561.000000 125.000000 647.000000 200.000000
2086996835.jpg
6
335.431523 682.926210 476.919126 828.456316
493.089138 699.096222 614.364227 824.413813
679.044274 604.097403 808.404368 729.414994
864.999410 640.479929 1004.465762 775.903778
1034.784534 573.778630 1186.378394 725.372491
1384.461039 545.481110 1544.139906 695.053719
2099639490.jpg
2
450.450000 408.600000 702.900000 646.200000
802.800000 181.800000 985.050000 372.150000
2122067003.jpg
1
552.249558 204.486307 740.361219 395.987367
2201628776.jpg
1
582.412450 418.784181 769.694881 609.968329
2239259.jpg
1
291.653129 252.856434 651.435891 596.469185
2296215131.jpg
4
401.500000 399.500000 589.500000 599.500000
611.500000 513.500000 709.500000 611.500000
1097.500000 581.500000 1181.500000 671.500000
1799.500000 519.500000 1877.500000 605.500000
2316734819.jpg
1
338.324850 283.038623 594.995509 499.182335
2329110240.jpg
3
530.260801 379.766596 668.309273 523.817176
1076.452582 403.775026 1193.493678 529.819283
1598.635933 367.762381 1721.679136 484.803477
2339510439.jpg
3
519.200000 328.600000 660.800000 575.800000
975.200000 703.000000 1198.400000 945.400000
1947.200000 599.800000 2187.200000 827.800000
2392075438.jpg
5
172.000000 385.600000 426.400000 673.600000
949.600000 587.200000 1158.400000 774.400000
1676.800000 560.800000 1907.200000 774.400000
1955.200000 419.200000 2027.200000 498.400000
1969.600000 493.600000 2317.600000 851.200000
2406586388.jpg
3
1679.528302 183.405071 1949.287736 465.426297
173.371462 700.443986 322.556604 835.323703
657.712264 641.178656 810.984670 776.058373
24795717.jpg
3
184.000000 146.000000 326.000000 287.000000
429.000000 183.000000 557.000000 321.000000
603.000000 162.000000 730.000000 291.000000
2519293956.jpg
2
622.000000 283.000000 842.500000 494.500000
862.000000 334.000000 1073.500000 569.500000
253915276.jpg
1
954.000000 376.200000 1144.350000 578.700000
255360810.jpg
1
538.500000 257.750000 768.000000 457.250000
2751381965.jpg
2
995.785071 360.503092 1206.137014 558.948322
1366.877650 259.296025 1593.105212 489.492491
2803423910.jpg
2
379.036773 257.460788 598.774109 480.800375
622.789118 293.483302 853.333208 508.417636
2805422179.jpg
6
411.000000 209.000000 550.000000 342.000000
545.000000 174.000000 684.000000 314.000000
135.000000 197.000000 226.000000 282.000000
793.000000 98.000000 855.000000 162.000000
216.000000 70.000000 280.000000 139.000000
616.000000 31.000000 676.000000 88.000000
3020248483.jpg
2
735.250000 615.750000 1066.000000 942.000000
1374.250000 807.000000 1590.250000 1014.000000
3116931144.jpg
2
367.500000 385.250000 547.500000 581.000000
1654.500000 452.750000 1834.500000 630.500000
3346359383.jpg
3
343.000000 371.000000 562.000000 605.000000
1141.000000 434.000000 1336.000000 608.000000
1981.000000 419.000000 2176.000000 596.000000
3363054468.jpg
1
275.971698 334.839623 398.235849 457.103774
3504938758.jpg
3
232.008907 733.991093 408.113420 900.089667
1000.464964 467.833135 1180.571853 645.938836
1722.893705 347.761876 1907.002969 507.856888
3532475790.jpg
2
740.424205 452.637633 928.489223 642.839753
1122.965548 386.387456 1321.716078 578.726678
3722549017.jpg
2
665.250000 512.250000 863.250000 726.000000
1491.000000 541.500000 1682.250000 759.750000
378492784.jpg
2
276.997208 47.153583 537.188567 361.363909
542.590464 345.158219 755.965385 572.037882
397921011.jpg
2
353.888042 500.757913 663.008792 823.383939
645.001758 325.189332 1062.164713 790.371043
4009440741.jpg
2
436.200000 228.200000 668.200000 444.200000
927.400000 292.200000 1157.800000 506.600000
410225851.jpg
2
260.750000 353.750000 380.750000 481.250000
992.750000 467.750000 1139.750000 625.250000
411555970.jpg
2
281.859906 232.152989 424.415592 385.212778
885.095545 188.635991 1003.641852 326.689918
4145388945.jpg
3
597.000000 458.100000 921.000000 780.300000
993.000000 582.300000 1273.800000 886.500000
1772.400000 573.300000 1999.200000 767.700000
4239974048.jpg
4
212.100000 610.250000 487.500000 929.000000
706.800000 449.600000 943.950000 704.600000
1188.750000 370.550000 1395.300000 582.200000
1601.850000 317.000000 1798.200000 518.450000
4400753623.jpg
5
132.500000 586.950000 486.200000 1048.650000
505.100000 362.850000 823.700000 708.450000
991.100000 362.850000 1236.800000 584.250000
2225.000000 373.650000 2427.500000 568.050000
2630.000000 549.150000 3021.500000 924.450000
442743156.jpg
4
1168.500000 397.500000 1356.500000 587.500000
890.500000 413.500000 1028.500000 547.500000
390.500000 353.500000 518.500000 485.500000
292.500000 263.500000 414.500000 393.500000
4538917191.jpg
28
754.408127 1351.754417 937.588339 1531.881625
601.757951 1931.825088 797.150177 2111.952297
3.369258 390.058304 149.913428 530.496466
366.676678 625.139576 513.220848 780.842756
531.538869 307.627208 684.189046 457.224382
1032.231449 344.263251 1175.722615 460.277385
595.651943 1153.309187 751.355124 1305.959364
40.005300 1770.015901 259.821555 1983.726148
943.694346 713.676678 1071.920495 854.114841
1203.199647 725.888693 1352.796820 866.326855
1276.471731 1776.121908 1481.022968 1977.620141
1233.729682 1455.556537 1407.750883 1623.471731
1071.920495 1064.772085 1233.729682 1223.528269
1551.242049 359.528269 1685.574205 496.913428
1932.867491 359.528269 2067.199647 484.701413
1645.885159 924.333922 1829.065371 1107.514134
2653.376325 661.775618 2802.973498 802.213781
2757.178445 1086.143110 2934.252650 1244.899293
3013.630742 304.574205 3157.121908 438.906360
2677.800353 1977.620141 2851.821555 2157.747350
3117.432862 747.259717 3270.083039 896.856890
2967.835689 1354.807420 3117.432862 1492.192580
3367.779152 1391.443463 3538.747350 1534.934629
3169.333922 2014.256184 3349.461131 2197.436396
1661.150177 658.722615 1771.058304 790.001767
3502.111307 2050.892226 3715.821555 2227.966431
3532.641343 939.598940 3676.132509 1076.984099
3468.528269 670.934629 3642.549470 826.637809
4573422380.jpg
2
521.000000 298.750000 712.700000 506.650000
1322.900000 409.450000 1522.700000 595.750000
4906266640.jpg
2
937.500000 775.500000 1129.500000 943.500000
1865.500000 687.500000 2061.500000 899.500000
507521047.jpg
2
333.300000 330.900000 569.700000 574.500000
722.100000 254.100000 939.300000 491.700000
5082623456.jpg
3
45.746753 115.206021 144.788076 200.098583
501.538961 125.312279 589.463400 211.215466
1010.894333 225.364227 1138.233176 351.692444
5106695994.jpg
6
227.875000 526.875000 440.875000 715.875000
605.875000 646.875000 800.875000 832.875000
1286.875000 517.875000 1484.875000 721.875000
1535.875000 544.875000 1736.875000 739.875000
1949.875000 637.875000 2150.875000 826.875000
2300.875000 538.875000 2498.875000 733.875000
5169701116.jpg
2
392.500000 355.000000 607.000000 581.500000
1397.500000 368.500000 1607.500000 614.500000
70037463.jpg
2
474.045966 290.556285 687.179174 538.211069
1014.383677 505.190432 1262.038462 748.342402
719902933.jpg
3
300.549939 315.394032 656.194275 686.044458
728.223508 432.441535 915.799635 645.528015
1040.350183 490.965286 1184.408648 653.031060
